0 JMP 0 1
1 INT 0 1004
2 LIT 0 1
3 STO 0 794
4 LIT 0 1
5 STO 0 59
6 LIT 0 1
7 STO 0 47
8 LIT 0 1
9 STO 0 702
10 LIT 0 1
11 STO 0 968
12 LIT 0 1
13 STO 0 534
14 LIT 0 1
15 STO 0 621
16 LIT 0 1
17 STO 0 487
18 LIT 0 1
19 STO 0 606
20 LIT 0 1
21 STO 0 480
22 LIT 0 1
23 STO 0 702
24 LIT 0 1
25 STO 0 845
26 LIT 0 1
27 STO 0 794
28 LIT 0 1
29 STO 0 877
30 LIT 0 1
31 STO 0 297
32 LIT 0 1
33 STO 0 120
34 LIT 0 1
35 STO 0 488
36 LIT 0 1
37 STO 0 217
38 LIT 0 1
39 STO 0 287
40 LIT 0 1
41 STO 0 216
42 LIT 0 1
43 STO 0 658
44 LIT 0 1
45 STO 0 813
46 LIT 0 1
47 STO 0 158
48 LIT 0 1
49 STO 0 59
50 LIT 0 1
51 STO 0 249
52 LIT 0 1
53 STO 0 496
54 LIT 0 1
55 STO 0 807
56 LIT 0 1
57 STO 0 404
58 LIT 0 1
59 STO 0 360
60 LIT 0 1
61 STO 0 47
62 LIT 0 1
63 STO 0 154
64 LIT 0 1
65 STO 0 657
66 LIT 0 1
67 STO 0 465
68 LIT 0 1
69 STO 0 443
70 LIT 0 1
71 STO 0 669
72 LIT 0 1
73 STO 0 463
74 LIT 0 1
75 STO 0 759
76 LIT 0 1
77 STO 0 396
78 LIT 0 1
79 STO 0 472
80 LIT 0 1
81 STO 0 49
82 LIT 0 1
83 STO 0 989
84 LIT 0 1
85 STO 0 773
86 LIT 0 1
87 STO 0 45
88 LIT 0 1
89 STO 0 136
90 LIT 0 1
91 STO 0 761
92 LIT 0 1
93 STO 0 813
94 LIT 0 1
95 STO 0 161
96 LIT 0 1
97 STO 0 98
98 LIT 0 1
99 STO 0 142
100 LIT 0 1
101 STO 0 110
102 LIT 0 1
103 STO 0 614
104 LIT 0 1
105 STO 0 260
106 LIT 0 1
107 STO 0 605
108 LIT 0 1
109 STO 0 179
110 LIT 0 1
111 STO 0 927
112 LIT 0 1
113 STO 0 279
114 LIT 0 1
115 STO 0 383
116 LIT 0 1
117 STO 0 423
118 LIT 0 1
119 STO 0 975
120 LIT 0 1
121 STO 0 976
122 LIT 0 1
123 STO 0 939
124 LIT 0 1
125 STO 0 297
126 LIT 0 1
127 STO 0 932
128 LIT 0 1
129 STO 0 594
130 LIT 0 1
131 STO 0 123
132 LIT 0 1
133 STO 0 109
134 LIT 0 1
135 STO 0 10
136 LIT 0 1
137 STO 0 759
138 LIT 0 1
139 STO 0 957
140 LIT 0 1
141 STO 0 720
142 LIT 0 1
143 STO 0 115
144 LIT 0 1
145 STO 0 870
146 LIT 0 1
147 STO 0 204
148 LIT 0 1
149 STO 0 569
150 LIT 0 1
151 STO 0 381
152 LIT 0 1
153 STO 0 424
154 LIT 0 1
155 STO 0 346
156 LIT 0 1
157 STO 0 92
158 LIT 0 1
159 STO 0 723
160 LIT 0 1
161 STO 0 323
162 LIT 0 1
163 STO 0 170
164 LIT 0 1
165 STO 0 146
166 LIT 0 1
167 STO 0 591
168 LIT 0 1
169 STO 0 535
170 LIT 0 1
171 STO 0 837
172 LIT 0 1
173 STO 0 615
174 LIT 0 1
175 STO 0 658
176 LIT 0 1
177 STO 0 153
178 LIT 0 1
179 STO 0 279
180 LIT 0 1
181 STO 0 13
182 LIT 0 1
183 STO 0 910
184 LIT 0 1
185 STO 0 963
186 LIT 0 1
187 STO 0 462
188 LIT 0 1
189 STO 0 740
190 LIT 0 1
191 STO 0 617
192 LIT 0 1
193 STO 0 653
194 LIT 0 1
195 STO 0 667
196 LIT 0 1
197 STO 0 15
198 LIT 0 1
199 STO 0 665
200 LIT 0 1
201 STO 0 986
202 LIT 0 1
203 STO 0 806
204 LIT 0 1
205 STO 0 59
206 LIT 0 1
207 STO 0 707
208 LIT 0 1
209 STO 0 258
210 LIT 0 1
211 STO 0 359
212 LIT 0 1
213 STO 0 969
214 LIT 0 1
215 STO 0 749
216 LIT 0 1
217 STO 0 489
218 LIT 0 1
219 STO 0 722
220 LIT 0 1
221 STO 0 499
222 LIT 0 1
223 STO 0 40
224 LIT 0 1
225 STO 0 894
226 LIT 0 1
227 STO 0 979
228 LIT 0 1
229 STO 0 245
230 LIT 0 1
231 STO 0 125
232 LIT 0 1
233 STO 0 842
234 LIT 0 1
235 STO 0 390
236 LIT 0 1
237 STO 0 979
238 LIT 0 1
239 STO 0 677
240 LIT 0 1
241 STO 0 605
242 LIT 0 1
243 STO 0 58
244 LIT 0 1
245 STO 0 476
246 LIT 0 1
247 STO 0 162
248 LIT 0 1
249 STO 0 212
250 LIT 0 1
251 STO 0 740
252 LIT 0 1
253 STO 0 168
254 LIT 0 1
255 STO 0 9
256 LIT 0 1
257 STO 0 844
258 LIT 0 1
259 STO 0 927
260 LIT 0 1
261 STO 0 736
262 LIT 0 1
263 STO 0 50
264 LIT 0 1
265 STO 0 482
266 LIT 0 1
267 STO 0 566
268 LIT 0 1
269 STO 0 137
270 LIT 0 1
271 STO 0 67
272 LIT 0 1
273 STO 0 22
274 LIT 0 1
275 STO 0 585
276 LIT 0 1
277 STO 0 207
278 LIT 0 1
279 STO 0 961
280 LIT 0 1
281 STO 0 859
282 LIT 0 1
283 STO 0 611
284 LIT 0 1
285 STO 0 159
286 LIT 0 1
287 STO 0 620
288 LIT 0 1
289 STO 0 225
290 LIT 0 1
291 STO 0 97
292 LIT 0 1
293 STO 0 851
294 LIT 0 1
295 STO 0 392
296 LIT 0 1
297 STO 0 784
298 LIT 0 1
299 STO 0 442
300 LIT 0 1
301 STO 0 981
302 LIT 0 1
303 STO 0 473
304 LIT 0 1
305 STO 0 227
306 LIT 0 1
307 STO 0 720
308 LIT 0 1
309 STO 0 776
310 LIT 0 1
311 STO 0 559
312 LIT 0 1
313 STO 0 231
314 LIT 0 1
315 STO 0 452
316 LIT 0 1
317 STO 0 604
318 LIT 0 1
319 STO 0 293
320 LIT 0 1
321 STO 0 266
322 LIT 0 1
323 STO 0 422
324 LIT 0 1
325 STO 0 402
326 LIT 0 1
327 STO 0 606
328 LIT 0 1
329 STO 0 733
330 LIT 0 1
331 STO 0 367
332 LIT 0 1
333 STO 0 703
334 LIT 0 1
335 STO 0 242
336 LIT 0 1
337 STO 0 164
338 LIT 0 1
339 STO 0 690
340 LIT 0 1
341 STO 0 277
342 LIT 0 1
343 STO 0 786
344 LIT 0 1
345 STO 0 382
346 LIT 0 1
347 STO 0 623
348 LIT 0 1
349 STO 0 771
350 LIT 0 1
351 STO 0 392
352 LIT 0 1
353 STO 0 818
354 LIT 0 1
355 STO 0 660
356 LIT 0 1
357 STO 0 307
358 LIT 0 1
359 STO 0 498
360 LIT 0 1
361 STO 0 162
362 LIT 0 1
363 STO 0 541
364 LIT 0 1
365 STO 0 884
366 LIT 0 1
367 STO 0 816
368 LIT 0 1
369 STO 0 786
370 LIT 0 1
371 STO 0 249
372 LIT 0 1
373 STO 0 608
374 LIT 0 1
375 STO 0 544
376 LIT 0 1
377 STO 0 944
378 LIT 0 1
379 STO 0 22
380 LIT 0 1
381 STO 0 588
382 LIT 0 1
383 STO 0 130
384 LIT 0 1
385 STO 0 525
386 LIT 0 1
387 STO 0 691
388 LIT 0 1
389 STO 0 973
390 LIT 0 1
391 STO 0 88
392 LIT 0 1
393 STO 0 866
394 LIT 0 1
395 STO 0 40
396 LIT 0 1
397 STO 0 576
398 LIT 0 1
399 STO 0 170
400 LIT 0 1
401 STO 0 901
402 LIT 0 1
403 STO 0 150
404 LIT 0 1
405 STO 0 828
406 LIT 0 1
407 STO 0 60
408 LIT 0 1
409 STO 0 857
410 LIT 0 1
411 STO 0 434
412 LIT 0 1
413 STO 0 137
414 LIT 0 1
415 STO 0 34
416 LIT 0 1
417 STO 0 400
418 LIT 0 1
419 STO 0 772
420 LIT 0 1
421 STO 0 169
422 LIT 0 1
423 STO 0 304
424 LIT 0 1
425 STO 0 20
426 LIT 0 1
427 STO 0 797
428 LIT 0 1
429 STO 0 658
430 LIT 0 1
431 STO 0 801
432 LIT 0 1
433 STO 0 920
434 LIT 0 1
435 STO 0 996
436 LIT 0 1
437 STO 0 623
438 LIT 0 1
439 STO 0 533
440 LIT 0 1
441 STO 0 669
442 LIT 0 1
443 STO 0 502
444 LIT 0 1
445 STO 0 596
446 LIT 0 1
447 STO 0 14
448 LIT 0 1
449 STO 0 917
450 LIT 0 1
451 STO 0 238
452 LIT 0 1
453 STO 0 494
454 LIT 0 1
455 STO 0 480
456 LIT 0 1
457 STO 0 108
458 LIT 0 1
459 STO 0 447
460 LIT 0 1
461 STO 0 815
462 LIT 0 1
463 STO 0 264
464 LIT 0 1
465 STO 0 172
466 LIT 0 1
467 STO 0 144
468 LIT 0 1
469 STO 0 367
470 LIT 0 1
471 STO 0 611
472 LIT 0 1
473 STO 0 275
474 LIT 0 1
475 STO 0 21
476 LIT 0 1
477 STO 0 147
478 LIT 0 1
479 STO 0 844
480 LIT 0 1
481 STO 0 654
482 LIT 0 1
483 STO 0 559
484 LIT 0 1
485 STO 0 98
486 LIT 0 1
487 STO 0 845
488 LIT 0 1
489 STO 0 973
490 LIT 0 1
491 STO 0 579
492 LIT 0 1
493 STO 0 726
494 LIT 0 1
495 STO 0 236
496 LIT 0 1
497 STO 0 578
498 LIT 0 1
499 STO 0 642
500 LIT 0 1
501 STO 0 54
502 LIT 0 1
503 STO 0 571
504 LIT 0 1
505 STO 0 756
506 LIT 0 1
507 STO 0 710
508 LIT 0 1
509 STO 0 621
510 LIT 0 1
511 STO 0 911
512 LIT 0 1
513 STO 0 694
514 LIT 0 1
515 STO 0 25
516 LIT 0 1
517 STO 0 699
518 LIT 0 1
519 STO 0 178
520 LIT 0 1
521 STO 0 614
522 LIT 0 1
523 STO 0 548
524 LIT 0 1
525 STO 0 920
526 LIT 0 1
527 STO 0 173
528 LIT 0 1
529 STO 0 829
530 LIT 0 1
531 STO 0 884
532 LIT 0 1
533 STO 0 582
534 LIT 0 1
535 STO 0 272
536 LIT 0 1
537 STO 0 133
538 LIT 0 1
539 STO 0 838
540 LIT 0 1
541 STO 0 391
542 LIT 0 1
543 STO 0 616
544 LIT 0 1
545 STO 0 724
546 LIT 0 1
547 STO 0 836
548 LIT 0 1
549 STO 0 703
550 LIT 0 1
551 STO 0 631
552 LIT 0 1
553 STO 0 249
554 LIT 0 1
555 STO 0 11
556 LIT 0 1
557 STO 0 51
558 LIT 0 1
559 STO 0 234
560 LIT 0 1
561 STO 0 834
562 LIT 0 1
563 STO 0 854
564 LIT 0 1
565 STO 0 138
566 LIT 0 1
567 STO 0 30
568 LIT 0 1
569 STO 0 427
570 LIT 0 1
571 STO 0 929
572 LIT 0 1
573 STO 0 795
574 LIT 0 1
575 STO 0 9
576 LIT 0 1
577 STO 0 916
578 LIT 0 1
579 STO 0 11
580 LIT 0 1
581 STO 0 234
582 LIT 0 1
583 STO 0 111
584 LIT 0 1
585 STO 0 746
586 LIT 0 1
587 STO 0 97
588 LIT 0 1
589 STO 0 773
590 LIT 0 1
591 STO 0 301
592 LIT 0 1
593 STO 0 564
594 LIT 0 1
595 STO 0 66
596 LIT 0 1
597 STO 0 642
598 LIT 0 1
599 STO 0 137
600 LIT 0 1
601 STO 0 129
602 LIT 0 1
603 STO 0 380
604 LIT 0 1
605 STO 0 916
606 LIT 0 1
607 STO 0 285
608 LIT 0 1
609 STO 0 448
610 LIT 0 1
611 STO 0 319
612 LIT 0 1
613 STO 0 70
614 LIT 0 1
615 STO 0 365
616 LIT 0 1
617 STO 0 402
618 LIT 0 1
619 STO 0 638
620 LIT 0 1
621 STO 0 960
622 LIT 0 1
623 STO 0 186
624 LIT 0 1
625 STO 0 424
626 LIT 0 1
627 STO 0 233
628 LIT 0 1
629 STO 0 144
630 LIT 0 1
631 STO 0 936
632 LIT 0 1
633 STO 0 119
634 LIT 0 1
635 STO 0 480
636 LIT 0 1
637 STO 0 840
638 LIT 0 1
639 STO 0 695
640 LIT 0 1
641 STO 0 142
642 LIT 0 1
643 STO 0 92
644 LIT 0 1
645 STO 0 139
646 LIT 0 1
647 STO 0 739
648 LIT 0 1
649 STO 0 652
650 LIT 0 1
651 STO 0 390
652 LIT 0 1
653 STO 0 851
654 LIT 0 1
655 STO 0 997
656 LIT 0 1
657 STO 0 486
658 LIT 0 1
659 STO 0 570
660 LIT 0 1
661 STO 0 277
662 LIT 0 1
663 STO 0 287
664 LIT 0 1
665 STO 0 616
666 LIT 0 1
667 STO 0 725
668 LIT 0 1
669 STO 0 629
670 LIT 0 1
671 STO 0 403
672 LIT 0 1
673 STO 0 174
674 LIT 0 1
675 STO 0 79
676 LIT 0 1
677 STO 0 62
678 LIT 0 1
679 STO 0 697
680 LIT 0 1
681 STO 0 201
682 LIT 0 1
683 STO 0 279
684 LIT 0 1
685 STO 0 977
686 LIT 0 1
687 STO 0 391
688 LIT 0 1
689 STO 0 438
690 LIT 0 1
691 STO 0 820
692 LIT 0 1
693 STO 0 427
694 LIT 0 1
695 STO 0 652
696 LIT 0 1
697 STO 0 962
698 LIT 0 1
699 STO 0 183
700 LIT 0 1
701 STO 0 73
702 LIT 0 1
703 STO 0 665
704 LIT 0 1
705 STO 0 286
706 LIT 0 1
707 STO 0 529
708 LIT 0 1
709 STO 0 61
710 LIT 0 1
711 STO 0 976
712 LIT 0 1
713 STO 0 776
714 LIT 0 1
715 STO 0 773
716 LIT 0 1
717 STO 0 984
718 LIT 0 1
719 STO 0 581
720 LIT 0 1
721 STO 0 419
722 LIT 0 1
723 STO 0 569
724 LIT 0 1
725 STO 0 31
726 LIT 0 1
727 STO 0 648
728 LIT 0 1
729 STO 0 239
730 LIT 0 1
731 STO 0 775
732 LIT 0 1
733 STO 0 877
734 LIT 0 1
735 STO 0 775
736 LIT 0 1
737 STO 0 108
738 LIT 0 1
739 STO 0 72
740 LIT 0 1
741 STO 0 694
742 LIT 0 1
743 STO 0 561
744 LIT 0 1
745 STO 0 365
746 LIT 0 1
747 STO 0 793
748 LIT 0 1
749 STO 0 11
750 LIT 0 1
751 STO 0 801
752 LIT 0 1
753 STO 0 816
754 LIT 0 1
755 STO 0 883
756 LIT 0 1
757 STO 0 196
758 LIT 0 1
759 STO 0 337
760 LIT 0 1
761 STO 0 463
762 LIT 0 1
763 STO 0 803
764 LIT 0 1
765 STO 0 139
766 LIT 0 1
767 STO 0 253
768 LIT 0 1
769 STO 0 633
770 LIT 0 1
771 STO 0 717
772 LIT 0 1
773 STO 0 108
774 LIT 0 1
775 STO 0 58
776 LIT 0 1
777 STO 0 758
778 LIT 0 1
779 STO 0 39
780 LIT 0 1
781 STO 0 637
782 LIT 0 1
783 STO 0 754
784 LIT 0 1
785 STO 0 382
786 LIT 0 1
787 STO 0 726
788 LIT 0 1
789 STO 0 74
790 LIT 0 1
791 STO 0 387
792 LIT 0 1
793 STO 0 626
794 LIT 0 1
795 STO 0 368
796 LIT 0 1
797 STO 0 770
798 LIT 0 1
799 STO 0 730
800 LIT 0 1
801 STO 0 558
802 LIT 0 1
803 STO 0 947
804 LIT 0 1
805 STO 0 716
806 LIT 0 1
807 STO 0 360
808 LIT 0 1
809 STO 0 43
810 LIT 0 1
811 STO 0 703
812 LIT 0 1
813 STO 0 568
814 LIT 0 1
815 STO 0 536
816 LIT 0 1
817 STO 0 101
818 LIT 0 1
819 STO 0 123
820 LIT 0 1
821 STO 0 309
822 LIT 0 1
823 STO 0 600
824 LIT 0 1
825 STO 0 294
826 LIT 0 1
827 STO 0 597
828 LIT 0 1
829 STO 0 796
830 LIT 0 1
831 STO 0 305
832 LIT 0 1
833 STO 0 711
834 LIT 0 1
835 STO 0 698
836 LIT 0 1
837 STO 0 783
838 LIT 0 1
839 STO 0 61
840 LIT 0 1
841 STO 0 915
842 LIT 0 1
843 STO 0 688
844 LIT 0 1
845 STO 0 910
846 LIT 0 1
847 STO 0 933
848 LIT 0 1
849 STO 0 223
850 LIT 0 1
851 STO 0 196
852 LIT 0 1
853 STO 0 94
854 LIT 0 1
855 STO 0 158
856 LIT 0 1
857 STO 0 224
858 LIT 0 1
859 STO 0 566
860 LIT 0 1
861 STO 0 982
862 LIT 0 1
863 STO 0 226
864 LIT 0 1
865 STO 0 322
866 LIT 0 1
867 STO 0 905
868 LIT 0 1
869 STO 0 886
870 LIT 0 1
871 STO 0 805
872 LIT 0 1
873 STO 0 722
874 LIT 0 1
875 STO 0 830
876 LIT 0 1
877 STO 0 439
878 LIT 0 1
879 STO 0 350
880 LIT 0 1
881 STO 0 560
882 LIT 0 1
883 STO 0 930
884 LIT 0 1
885 STO 0 470
886 LIT 0 1
887 STO 0 394
888 LIT 0 1
889 STO 0 647
890 LIT 0 1
891 STO 0 664
892 LIT 0 1
893 STO 0 735
894 LIT 0 1
895 STO 0 150
896 LIT 0 1
897 STO 0 283
898 LIT 0 1
899 STO 0 563
900 LIT 0 1
901 STO 0 7
902 LIT 0 1
903 STO 0 161
904 LIT 0 1
905 STO 0 501
906 LIT 0 1
907 STO 0 337
908 LIT 0 1
909 STO 0 883
910 LIT 0 1
911 STO 0 832
912 LIT 0 1
913 STO 0 557
914 LIT 0 1
915 STO 0 863
916 LIT 0 1
917 STO 0 72
918 LIT 0 1
919 STO 0 795
920 LIT 0 1
921 STO 0 11
922 LIT 0 1
923 STO 0 47
924 LIT 0 1
925 STO 0 815
926 LIT 0 1
927 STO 0 193
928 LIT 0 1
929 STO 0 422
930 LIT 0 1
931 STO 0 100
932 LIT 0 1
933 STO 0 757
934 LIT 0 1
935 STO 0 620
936 LIT 0 1
937 STO 0 60
938 LIT 0 1
939 STO 0 333
940 LIT 0 1
941 STO 0 46
942 LIT 0 1
943 STO 0 772
944 LIT 0 1
945 STO 0 74
946 LIT 0 1
947 STO 0 309
948 LIT 0 1
949 STO 0 321
950 LIT 0 1
951 STO 0 490
952 LIT 0 1
953 STO 0 388
954 LIT 0 1
955 STO 0 444
956 LIT 0 1
957 STO 0 640
958 LIT 0 1
959 STO 0 56
960 LIT 0 1
961 STO 0 969
962 LIT 0 1
963 STO 0 999
964 LIT 0 1
965 STO 0 901
966 LIT 0 1
967 STO 0 731
968 LIT 0 1
969 STO 0 548
970 LIT 0 1
971 STO 0 935
972 LIT 0 1
973 STO 0 489
974 LIT 0 1
975 STO 0 358
976 LIT 0 1
977 STO 0 692
978 LIT 0 1
979 STO 0 720
980 LIT 0 1
981 STO 0 854
982 LIT 0 1
983 STO 0 328
984 LIT 0 1
985 STO 0 197
986 LIT 0 1
987 STO 0 263
988 LIT 0 1
989 STO 0 716
990 LIT 0 1
991 STO 0 55
992 LIT 0 1
993 STO 0 850
994 LIT 0 1
995 STO 0 701
996 LIT 0 1
997 STO 0 391
998 LIT 0 1
999 STO 0 730
1000 LIT 0 1
1001 STO 0 810
1002 LIT 0 1
1003 STO 0 977
1004 LIT 0 1
1005 STO 0 700
1006 LIT 0 1
1007 STO 0 620
1008 LIT 0 1
1009 STO 0 327
1010 LIT 0 1
1011 STO 0 801
1012 LIT 0 1
1013 STO 0 704
1014 LIT 0 1
1015 STO 0 309
1016 LIT 0 1
1017 STO 0 314
1018 LIT 0 1
1019 STO 0 923
1020 LIT 0 1
1021 STO 0 43
1022 LIT 0 1
1023 STO 0 112
1024 LIT 0 1
1025 STO 0 193
1026 LIT 0 1
1027 STO 0 900
1028 LIT 0 1
1029 STO 0 1001
1030 LIT 0 1
1031 STO 0 822
1032 LIT 0 1
1033 STO 0 69
1034 LIT 0 1
1035 STO 0 241
1036 LIT 0 1
1037 STO 0 878
1038 LIT 0 1
1039 STO 0 394
1040 LIT 0 1
1041 STO 0 638
1042 LIT 0 1
1043 STO 0 347
1044 LIT 0 1
1045 STO 0 729
1046 LIT 0 1
1047 STO 0 364
1048 LIT 0 1
1049 STO 0 308
1050 LIT 0 1
1051 STO 0 74
1052 LIT 0 1
1053 STO 0 136
1054 LIT 0 1
1055 STO 0 464
1056 LIT 0 1
1057 STO 0 668
1058 LIT 0 1
1059 STO 0 430
1060 LIT 0 1
1061 STO 0 90
1062 LIT 0 1
1063 STO 0 580
1064 LIT 0 1
1065 STO 0 661
1066 LIT 0 1
1067 STO 0 931
1068 LIT 0 1
1069 STO 0 911
1070 LIT 0 1
1071 STO 0 352
1072 LIT 0 1
1073 STO 0 48
1074 LIT 0 1
1075 STO 0 821
1076 LIT 0 1
1077 STO 0 522
1078 LIT 0 1
1079 STO 0 736
1080 LIT 0 1
1081 STO 0 544
1082 LIT 0 1
1083 STO 0 127
1084 LIT 0 1
1085 STO 0 66
1086 LIT 0 1
1087 STO 0 329
1088 LIT 0 1
1089 STO 0 482
1090 LIT 0 1
1091 STO 0 480
1092 LIT 0 1
1093 STO 0 817
1094 LIT 0 1
1095 STO 0 741
1096 LIT 0 1
1097 STO 0 352
1098 LIT 0 1
1099 STO 0 642
1100 LIT 0 1
1101 STO 0 694
1102 LIT 0 1
1103 STO 0 385
1104 LIT 0 1
1105 STO 0 664
1106 LIT 0 1
1107 STO 0 814
1108 LIT 0 1
1109 STO 0 640
1110 LIT 0 1
1111 STO 0 357
1112 LIT 0 1
1113 STO 0 878
1114 LIT 0 1
1115 STO 0 50
1116 LIT 0 1
1117 STO 0 239
1118 LIT 0 1
1119 STO 0 622
1120 LIT 0 1
1121 STO 0 168
1122 LIT 0 1
1123 STO 0 967
1124 LIT 0 1
1125 STO 0 833
1126 LIT 0 1
1127 STO 0 800
1128 LIT 0 1
1129 STO 0 100
1130 LIT 0 1
1131 STO 0 327
1132 LIT 0 1
1133 STO 0 500
1134 LIT 0 1
1135 STO 0 336
1136 LIT 0 1
1137 STO 0 293
1138 LIT 0 1
1139 STO 0 925
1140 LIT 0 1
1141 STO 0 887
1142 LIT 0 1
1143 STO 0 895
1144 LIT 0 1
1145 STO 0 471
1146 LIT 0 1
1147 STO 0 182
1148 LIT 0 1
1149 STO 0 640
1150 LIT 0 1
1151 STO 0 247
1152 LIT 0 1
1153 STO 0 686
1154 LIT 0 1
1155 STO 0 459
1156 LIT 0 1
1157 STO 0 430
1158 LIT 0 1
1159 STO 0 146
1160 LIT 0 1
1161 STO 0 831
1162 LIT 0 1
1163 STO 0 628
1164 LIT 0 1
1165 STO 0 417
1166 LIT 0 1
1167 STO 0 760
1168 LIT 0 1
1169 STO 0 284
1170 LIT 0 1
1171 STO 0 70
1172 LIT 0 1
1173 STO 0 309
1174 LIT 0 1
1175 STO 0 635
1176 LIT 0 1
1177 STO 0 670
1178 LIT 0 1
1179 STO 0 882
1180 LIT 0 1
1181 STO 0 802
1182 LIT 0 1
1183 STO 0 360
1184 LIT 0 1
1185 STO 0 191
1186 LIT 0 1
1187 STO 0 806
1188 LIT 0 1
1189 STO 0 324
1190 LIT 0 1
1191 STO 0 720
1192 LIT 0 1
1193 STO 0 257
1194 LIT 0 1
1195 STO 0 247
1196 LIT 0 1
1197 STO 0 1003
1198 LIT 0 1
1199 STO 0 298
1200 LIT 0 1
1201 STO 0 957
1202 LIT 0 1
1203 STO 0 179
1204 LIT 0 1
1205 STO 0 858
1206 LIT 0 1
1207 STO 0 784
1208 LIT 0 1
1209 STO 0 969
1210 LIT 0 1
1211 STO 0 698
1212 LIT 0 1
1213 STO 0 86
1214 LIT 0 1
1215 STO 0 642
1216 LIT 0 1
1217 STO 0 424
1218 LIT 0 1
1219 STO 0 672
1220 LIT 0 1
1221 STO 0 373
1222 LIT 0 1
1223 STO 0 888
1224 LIT 0 1
1225 STO 0 438
1226 LIT 0 1
1227 STO 0 653
1228 LIT 0 1
1229 STO 0 489
1230 LIT 0 1
1231 STO 0 112
1232 LIT 0 1
1233 STO 0 497
1234 LIT 0 1
1235 STO 0 399
1236 LIT 0 1
1237 STO 0 19
1238 LIT 0 1
1239 STO 0 973
1240 LIT 0 1
1241 STO 0 108
1242 LIT 0 1
1243 STO 0 401
1244 LIT 0 1
1245 STO 0 818
1246 LIT 0 1
1247 STO 0 78
1248 LIT 0 1
1249 STO 0 36
1250 LIT 0 1
1251 STO 0 583
1252 LIT 0 1
1253 STO 0 916
1254 LIT 0 1
1255 STO 0 550
1256 LIT 0 1
1257 STO 0 834
1258 LIT 0 1
1259 STO 0 659
1260 LIT 0 1
1261 STO 0 180
1262 LIT 0 1
1263 STO 0 29
1264 LIT 0 1
1265 STO 0 653
1266 LIT 0 1
1267 STO 0 170
1268 LIT 0 1
1269 STO 0 970
1270 LIT 0 1
1271 STO 0 592
1272 LIT 0 1
1273 STO 0 322
1274 LIT 0 1
1275 STO 0 847
1276 LIT 0 1
1277 STO 0 507
1278 LIT 0 1
1279 STO 0 550
1280 LIT 0 1
1281 STO 0 632
1282 LIT 0 1
1283 STO 0 478
1284 LIT 0 1
1285 STO 0 835
1286 LIT 0 1
1287 STO 0 644
1288 LIT 0 1
1289 STO 0 362
1290 LIT 0 1
1291 STO 0 966
1292 LIT 0 1
1293 STO 0 378
1294 LIT 0 1
1295 STO 0 26
1296 LIT 0 1
1297 STO 0 779
1298 LIT 0 1
1299 STO 0 435
1300 LIT 0 1
1301 STO 0 625
1302 LIT 0 1
1303 STO 0 644
1304 LIT 0 1
1305 STO 0 353
1306 LIT 0 1
1307 STO 0 275
1308 LIT 0 1
1309 STO 0 944
1310 LIT 0 1
1311 STO 0 899
1312 LIT 0 1
1313 STO 0 261
1314 LIT 0 1
1315 STO 0 180
1316 LIT 0 1
1317 STO 0 391
1318 LIT 0 1
1319 STO 0 537
1320 LIT 0 1
1321 STO 0 164
1322 LIT 0 1
1323 STO 0 764
1324 LIT 0 1
1325 STO 0 752
1326 LIT 0 1
1327 STO 0 546
1328 LIT 0 1
1329 STO 0 711
1330 LIT 0 1
1331 STO 0 745
1332 LIT 0 1
1333 STO 0 110
1334 LIT 0 1
1335 STO 0 718
1336 LIT 0 1
1337 STO 0 892
1338 LIT 0 1
1339 STO 0 77
1340 LIT 0 1
1341 STO 0 597
1342 LIT 0 1
1343 STO 0 642
1344 LIT 0 1
1345 STO 0 97
1346 LIT 0 1
1347 STO 0 408
1348 LIT 0 1
1349 STO 0 118
1350 LIT 0 1
1351 STO 0 577
1352 LIT 0 1
1353 STO 0 544
1354 LIT 0 1
1355 STO 0 65
1356 LIT 0 1
1357 STO 0 547
1358 LIT 0 1
1359 STO 0 925
1360 LIT 0 1
1361 STO 0 825
1362 LIT 0 1
1363 STO 0 566
1364 LIT 0 1
1365 STO 0 143
1366 LIT 0 1
1367 STO 0 248
1368 LIT 0 1
1369 STO 0 303
1370 LIT 0 1
1371 STO 0 994
1372 LIT 0 1
1373 STO 0 299
1374 LIT 0 1
1375 STO 0 488
1376 LIT 0 1
1377 STO 0 283
1378 LIT 0 1
1379 STO 0 84
1380 LIT 0 1
1381 STO 0 781
1382 LIT 0 1
1383 STO 0 529
1384 LIT 0 1
1385 STO 0 259
1386 LIT 0 1
1387 STO 0 126
1388 LIT 0 1
1389 STO 0 118
1390 LIT 0 1
1391 STO 0 80
1392 LIT 0 1
1393 STO 0 339
1394 LIT 0 1
1395 STO 0 592
1396 LIT 0 1
1397 STO 0 401
1398 LIT 0 1
1399 STO 0 769
1400 LIT 0 1
1401 STO 0 977
1402 LIT 0 1
1403 STO 0 917
1404 LIT 0 1
1405 STO 0 848
1406 LIT 0 1
1407 STO 0 362
1408 LIT 0 1
1409 STO 0 68
1410 LIT 0 1
1411 STO 0 78
1412 LIT 0 1
1413 STO 0 151
1414 LIT 0 1
1415 STO 0 391
1416 LIT 0 1
1417 STO 0 220
1418 LIT 0 1
1419 STO 0 816
1420 LIT 0 1
1421 STO 0 10
1422 LIT 0 1
1423 STO 0 311
1424 LIT 0 1
1425 STO 0 753
1426 LIT 0 1
1427 STO 0 203
1428 LIT 0 1
1429 STO 0 508
1430 LIT 0 1
1431 STO 0 240
1432 LIT 0 1
1433 STO 0 475
1434 LIT 0 1
1435 STO 0 29
1436 LIT 0 1
1437 STO 0 812
1438 LIT 0 1
1439 STO 0 480
1440 LIT 0 1
1441 STO 0 908
1442 LIT 0 1
1443 STO 0 884
1444 LIT 0 1
1445 STO 0 168
1446 LIT 0 1
1447 STO 0 118
1448 LIT 0 1
1449 STO 0 724
1450 LIT 0 1
1451 STO 0 959
1452 LIT 0 1
1453 STO 0 683
1454 LIT 0 1
1455 STO 0 336
1456 LIT 0 1
1457 STO 0 917
1458 LIT 0 1
1459 STO 0 543
1460 LIT 0 1
1461 STO 0 739
1462 LIT 0 1
1463 STO 0 824
1464 LIT 0 1
1465 STO 0 335
1466 LIT 0 1
1467 STO 0 247
1468 LIT 0 1
1469 STO 0 263
1470 LIT 0 1
1471 STO 0 448
1472 LIT 0 1
1473 STO 0 607
1474 LIT 0 1
1475 STO 0 307
1476 LIT 0 1
1477 STO 0 474
1478 LIT 0 1
1479 STO 0 9
1480 LIT 0 1
1481 STO 0 649
1482 LIT 0 1
1483 STO 0 910
1484 LIT 0 1
1485 STO 0 655
1486 LIT 0 1
1487 STO 0 1001
1488 LIT 0 1
1489 STO 0 191
1490 LIT 0 1
1491 STO 0 314
1492 LIT 0 1
1493 STO 0 519
1494 LIT 0 1
1495 STO 0 116
1496 LIT 0 1
1497 STO 0 116
1498 LIT 0 1
1499 STO 0 502
1500 LIT 0 1
1501 STO 0 97
1502 LIT 0 1
1503 STO 0 113
1504 LIT 0 1
1505 STO 0 231
1506 LIT 0 1
1507 STO 0 457
1508 LIT 0 1
1509 STO 0 444
1510 LIT 0 1
1511 STO 0 144
1512 LIT 0 1
1513 STO 0 587
1514 LIT 0 1
1515 STO 0 264
1516 LIT 0 1
1517 STO 0 816
1518 LIT 0 1
1519 STO 0 688
1520 LIT 0 1
1521 STO 0 767
1522 LIT 0 1
1523 STO 0 314
1524 LIT 0 1
1525 STO 0 199
1526 LIT 0 1
1527 STO 0 153
1528 LIT 0 1
1529 STO 0 517
1530 LIT 0 1
1531 STO 0 187
1532 LIT 0 1
1533 STO 0 147
1534 LIT 0 1
1535 STO 0 162
1536 LIT 0 1
1537 STO 0 660
1538 LIT 0 1
1539 STO 0 605
1540 LIT 0 1
1541 STO 0 565
1542 LIT 0 1
1543 STO 0 86
1544 LIT 0 1
1545 STO 0 273
1546 LIT 0 1
1547 STO 0 737
1548 LIT 0 1
1549 STO 0 331
1550 LIT 0 1
1551 STO 0 716
1552 LIT 0 1
1553 STO 0 810
1554 LIT 0 1
1555 STO 0 883
1556 LIT 0 1
1557 STO 0 795
1558 LIT 0 1
1559 STO 0 207
1560 LIT 0 1
1561 STO 0 346
1562 LIT 0 1
1563 STO 0 69
1564 LIT 0 1
1565 STO 0 665
1566 LIT 0 1
1567 STO 0 212
1568 LIT 0 1
1569 STO 0 727
1570 LIT 0 1
1571 STO 0 918
1572 LIT 0 1
1573 STO 0 571
1574 LIT 0 1
1575 STO 0 453
1576 LIT 0 1
1577 STO 0 915
1578 LIT 0 1
1579 STO 0 323
1580 LIT 0 1
1581 STO 0 257
1582 LIT 0 1
1583 STO 0 782
1584 LIT 0 1
1585 STO 0 939
1586 LIT 0 1
1587 STO 0 862
1588 LIT 0 1
1589 STO 0 736
1590 LIT 0 1
1591 STO 0 310
1592 LIT 0 1
1593 STO 0 391
1594 LIT 0 1
1595 STO 0 166
1596 LIT 0 1
1597 STO 0 725
1598 LIT 0 1
1599 STO 0 591
1600 LIT 0 1
1601 STO 0 728
1602 LIT 0 1
1603 STO 0 225
1604 LIT 0 1
1605 STO 0 97
1606 LIT 0 1
1607 STO 0 208
1608 LIT 0 1
1609 STO 0 838
1610 LIT 0 1
1611 STO 0 945
1612 LIT 0 1
1613 STO 0 475
1614 LIT 0 1
1615 STO 0 360
1616 LIT 0 1
1617 STO 0 267
1618 LIT 0 1
1619 STO 0 526
1620 LIT 0 1
1621 STO 0 304
1622 LIT 0 1
1623 STO 0 769
1624 LIT 0 1
1625 STO 0 252
1626 LIT 0 1
1627 STO 0 569
1628 LIT 0 1
1629 STO 0 839
1630 LIT 0 1
1631 STO 0 61
1632 LIT 0 1
1633 STO 0 852
1634 LIT 0 1
1635 STO 0 710
1636 LIT 0 1
1637 STO 0 436
1638 LIT 0 1
1639 STO 0 556
1640 LIT 0 1
1641 STO 0 767
1642 LIT 0 1
1643 STO 0 886
1644 LIT 0 1
1645 STO 0 837
1646 LIT 0 1
1647 STO 0 433
1648 LIT 0 1
1649 STO 0 298
1650 LIT 0 1
1651 STO 0 992
1652 LIT 0 1
1653 STO 0 202
1654 LIT 0 1
1655 STO 0 873
1656 LIT 0 1
1657 STO 0 406
1658 LIT 0 1
1659 STO 0 207
1660 LIT 0 1
1661 STO 0 530
1662 LIT 0 1
1663 STO 0 486
1664 LIT 0 1
1665 STO 0 700
1666 LIT 0 1
1667 STO 0 401
1668 LIT 0 1
1669 STO 0 227
1670 LIT 0 1
1671 STO 0 959
1672 LIT 0 1
1673 STO 0 234
1674 LIT 0 1
1675 STO 0 682
1676 LIT 0 1
1677 STO 0 42
1678 LIT 0 1
1679 STO 0 484
1680 LIT 0 1
1681 STO 0 209
1682 LIT 0 1
1683 STO 0 550
1684 LIT 0 1
1685 STO 0 666
1686 LIT 0 1
1687 STO 0 392
1688 LIT 0 1
1689 STO 0 66
1690 LIT 0 1
1691 STO 0 922
1692 LIT 0 1
1693 STO 0 1002
1694 LIT 0 1
1695 STO 0 658
1696 LIT 0 1
1697 STO 0 489
1698 LIT 0 1
1699 STO 0 199
1700 LIT 0 1
1701 STO 0 944
1702 LIT 0 1
1703 STO 0 693
1704 LIT 0 1
1705 STO 0 915
1706 LIT 0 1
1707 STO 0 745
1708 LIT 0 1
1709 STO 0 837
1710 LIT 0 1
1711 STO 0 318
1712 LIT 0 1
1713 STO 0 873
1714 LIT 0 1
1715 STO 0 252
1716 LIT 0 1
1717 STO 0 933
1718 LIT 0 1
1719 STO 0 621
1720 LIT 0 1
1721 STO 0 16
1722 LIT 0 1
1723 STO 0 195
1724 LIT 0 1
1725 STO 0 826
1726 LIT 0 1
1727 STO 0 684
1728 LIT 0 1
1729 STO 0 97
1730 LIT 0 1
1731 STO 0 829
1732 LIT 0 1
1733 STO 0 947
1734 LIT 0 1
1735 STO 0 537
1736 LIT 0 1
1737 STO 0 725
1738 LIT 0 1
1739 STO 0 913
1740 LIT 0 1
1741 STO 0 477
1742 LIT 0 1
1743 STO 0 777
1744 LIT 0 1
1745 STO 0 478
1746 LIT 0 1
1747 STO 0 720
1748 LIT 0 1
1749 STO 0 872
1750 LIT 0 1
1751 STO 0 323
1752 LIT 0 1
1753 STO 0 639
1754 LIT 0 1
1755 STO 0 989
1756 LIT 0 1
1757 STO 0 143
1758 LIT 0 1
1759 STO 0 184
1760 LIT 0 1
1761 STO 0 302
1762 LIT 0 1
1763 STO 0 94
1764 LIT 0 1
1765 STO 0 571
1766 LIT 0 1
1767 STO 0 382
1768 LIT 0 1
1769 STO 0 359
1770 LIT 0 1
1771 STO 0 590
1772 LIT 0 1
1773 STO 0 66
1774 LIT 0 1
1775 STO 0 690
1776 LIT 0 1
1777 STO 0 311
1778 LIT 0 1
1779 STO 0 165
1780 LIT 0 1
1781 STO 0 66
1782 LIT 0 1
1783 STO 0 181
1784 LIT 0 1
1785 STO 0 571
1786 LIT 0 1
1787 STO 0 174
1788 LIT 0 1
1789 STO 0 430
1790 LIT 0 1
1791 STO 0 445
1792 LIT 0 1
1793 STO 0 932
1794 LIT 0 1
1795 STO 0 177
1796 LIT 0 1
1797 STO 0 904
1798 LIT 0 1
1799 STO 0 567
1800 LIT 0 1
1801 STO 0 962
1802 LIT 0 1
1803 STO 0 271
1804 LIT 0 1
1805 STO 0 86
1806 LIT 0 1
1807 STO 0 363
1808 LIT 0 1
1809 STO 0 64
1810 LIT 0 1
1811 STO 0 543
1812 LIT 0 1
1813 STO 0 438
1814 LIT 0 1
1815 STO 0 241
1816 LIT 0 1
1817 STO 0 575
1818 LIT 0 1
1819 STO 0 335
1820 LIT 0 1
1821 STO 0 703
1822 LIT 0 1
1823 STO 0 577
1824 LIT 0 1
1825 STO 0 876
1826 LIT 0 1
1827 STO 0 550
1828 LIT 0 1
1829 STO 0 759
1830 LIT 0 1
1831 STO 0 653
1832 LIT 0 1
1833 STO 0 626
1834 LIT 0 1
1835 STO 0 23
1836 LIT 0 1
1837 STO 0 307
1838 LIT 0 1
1839 STO 0 153
1840 LIT 0 1
1841 STO 0 370
1842 LIT 0 1
1843 STO 0 509
1844 LIT 0 1
1845 STO 0 340
1846 LIT 0 1
1847 STO 0 999
1848 LIT 0 1
1849 STO 0 110
1850 LIT 0 1
1851 STO 0 93
1852 LIT 0 1
1853 STO 0 817
1854 LIT 0 1
1855 STO 0 52
1856 LIT 0 1
1857 STO 0 146
1858 LIT 0 1
1859 STO 0 196
1860 LIT 0 1
1861 STO 0 481
1862 LIT 0 1
1863 STO 0 262
1864 LIT 0 1
1865 STO 0 768
1866 LIT 0 1
1867 STO 0 285
1868 LIT 0 1
1869 STO 0 280
1870 LIT 0 1
1871 STO 0 48
1872 LIT 0 1
1873 STO 0 964
1874 LIT 0 1
1875 STO 0 425
1876 LIT 0 1
1877 STO 0 49
1878 LIT 0 1
1879 STO 0 315
1880 LIT 0 1
1881 STO 0 940
1882 LIT 0 1
1883 STO 0 344
1884 LIT 0 1
1885 STO 0 297
1886 LIT 0 1
1887 STO 0 127
1888 LIT 0 1
1889 STO 0 28
1890 LIT 0 1
1891 STO 0 742
1892 LIT 0 1
1893 STO 0 334
1894 LIT 0 1
1895 STO 0 258
1896 LIT 0 1
1897 STO 0 542
1898 LIT 0 1
1899 STO 0 309
1900 LIT 0 1
1901 STO 0 663
1902 LIT 0 1
1903 STO 0 646
1904 LIT 0 1
1905 STO 0 605
1906 LIT 0 1
1907 STO 0 474
1908 LIT 0 1
1909 STO 0 190
1910 LIT 0 1
1911 STO 0 916
1912 LIT 0 1
1913 STO 0 190
1914 LIT 0 1
1915 STO 0 1003
1916 LIT 0 1
1917 STO 0 437
1918 LIT 0 1
1919 STO 0 411
1920 LIT 0 1
1921 STO 0 307
1922 LIT 0 1
1923 STO 0 795
1924 LIT 0 1
1925 STO 0 111
1926 LIT 0 1
1927 STO 0 976
1928 LIT 0 1
1929 STO 0 400
1930 LIT 0 1
1931 STO 0 186
1932 LIT 0 1
1933 STO 0 6
1934 LIT 0 1
1935 STO 0 779
1936 LIT 0 1
1937 STO 0 256
1938 LIT 0 1
1939 STO 0 71
1940 LIT 0 1
1941 STO 0 35
1942 LIT 0 1
1943 STO 0 561
1944 LIT 0 1
1945 STO 0 385
1946 LIT 0 1
1947 STO 0 158
1948 LIT 0 1
1949 STO 0 267
1950 LIT 0 1
1951 STO 0 380
1952 LIT 0 1
1953 STO 0 769
1954 LIT 0 1
1955 STO 0 635
1956 LIT 0 1
1957 STO 0 94
1958 LIT 0 1
1959 STO 0 526
1960 LIT 0 1
1961 STO 0 789
1962 LIT 0 1
1963 STO 0 81
1964 LIT 0 1
1965 STO 0 387
1966 LIT 0 1
1967 STO 0 618
1968 LIT 0 1
1969 STO 0 370
1970 LIT 0 1
1971 STO 0 273
1972 LIT 0 1
1973 STO 0 998
1974 LIT 0 1
1975 STO 0 451
1976 LIT 0 1
1977 STO 0 528
1978 LIT 0 1
1979 STO 0 758
1980 LIT 0 1
1981 STO 0 786
1982 LIT 0 1
1983 STO 0 616
1984 LIT 0 1
1985 STO 0 341
1986 LIT 0 1
1987 STO 0 129
1988 LIT 0 1
1989 STO 0 871
1990 LIT 0 1
1991 STO 0 778
1992 LIT 0 1
1993 STO 0 659
1994 LIT 0 1
1995 STO 0 999
1996 LIT 0 1
1997 STO 0 856
1998 LIT 0 1
1999 STO 0 825
2000 LIT 0 1
2001 STO 0 426
2002 LIT 0 0
2003 STO 0 3
2004 OPR 0 0
